example input data to run RothC for a number of years
clay and depth are only needed once, other data is monthly jan-dec 
clay	depth	iom	nsteps			
47.0	25.0	1.6095	252
year	modern	Tmp	Rain	Evap	C inp	FYM	PC	DPM/RPM
1	100	11.3	26.4	140.9	0	0	1	1.44
1	100	13.0	32.8	159.5	0	0	1	1.44
1	100	15.1	30.0	228.4	0	0	1	1.44
1	100	17.5	22.6	264.5	0	0	1	1.44
1	100	20.6	19.4	319.7	0.82	0	1	1.44
1	100	24.2	6.1	374.3	0	0	0	1.44
1	100	27.9	2.0	415.8	0	0	0	1.44
1	100	28.1	4.5	385.8	0	0	0	1.44
1	100	24.4	10.6	285.2	0	0	0	1.44
1	100	20.8	19.3	227.8	0	0	0	1.44
1	100	15.4	39.2	154.2	0	0	0	1.44
1	100	12.6	18.2	134.8	0	0	1	1.44
2003	107.9	11.6	0.2	149.3	0	0	1	1.44
2003	107.9	14.2	18.0	193.3	0	0	1	1.44
2003	107.9	15.2	24.8	251.2	0	0	1	1.44
2003	107.9	17.0	24.2	262.8	0	0	1	1.44
2003	107.9	18.3	19.0	284.4	0.82	0	1	1.44
2003	107.9	26.4	26.4	412.8	0	0	0	1.44
2003	107.9	28.3	0.0	430.8	0	0	0	1.44
2003	107.9	28.1	0.0	387.0	0	0	0	1.44
2003	107.9	26.6	0.0	226.0	0	0	0	1.44
2003	107.9	19.7	34.2	207.1	0	0	0	1.44
2003	107.9	15.1	57.6	169.8	0	0	0	1.44
2003	107.9	12.6	26.0	134.4	0	0	1	1.44
2004	107.6	11.6	0.2	149.3	0	0	1	1.44
2004	107.6	14.2	18.0	193.3	0	0	1	1.44
2004	107.6	15.2	24.8	251.2	0	0	1	1.44
2004	107.6	17.0	24.2	262.8	0	0	1	1.44
2004	107.6	18.3	19.0	284.4	0.82	0	1	1.44
2004	107.6	26.4	26.4	412.8	0	0	0	1.44
2004	107.6	28.3	0.0	430.8	0	0	0	1.44
2004	107.6	28.1	0.0	387.0	0	0	0	1.44
2004	107.6	25.8	1.0	310.3	0	0	0	1.44
2004	107.6	21.3	33.0	234.8	0	0	0	1.44
2004	107.6	15.2	16.4	161.3	0	0	0	1.44
2004	107.6	10.8	18.4	123.6	0	0	0	1.44
2005	107.3	10.5	0.6	159.0	0	0	0	1.44
2005	107.3	11.1	27.6	161.1	0	0	0	1.44
2005	107.3	17.0	18.2	257.0	0	0	0	1.44
2005	107.3	18.9	0.0	328.4	0	0	0	1.44
2005	107.3	22.6	0.6	377.5	0	0	0	1.44
2005	107.3	26.8	6.6	399.5	0	0	0	1.44
2005	107.3	27.4	0.0	424.8	0	0	0	1.44
2005	107.3	28.4	2.2	408.6	0	0	0	1.44
2005	107.3	24.3	0.2	322.0	0	0	0	1.44
2005	107.3	21.5	27.0	233.0	0	0	0	1.44
2005	107.3	15.1	10.4	160.6	0	0	0	1.44
2005	107.3	12.2	26.8	139.9	0	0	1	1.44
2006	107.1	9.4	83.0	117.0	0	0	1	1.44
2006	107.1	11.6	31.2	134.4	0	0	1	1.44
2006	107.1	16.0	0.2	273.2	0	0	1	1.44
2006	107.1	18.9	48.2	287.8	0	0	1	1.44
2006	107.1	22.1	13.2	346.9	0.82	0	1	1.44
2006	107.1	23.4	1.4	347.4	0	0	0	1.44
2006	107.1	28.9	8.6	419.9	0	0	0	1.44
2006	107.1	27.6	0.0	389.8	0	0	0	1.44
2006	107.1	25.1	37.2	310.5	0	0	0	1.44
2006	107.1	21.6	22.0	252.9	0	0	0	1.44
2006	107.1	17.6	17.8	165.8	0	0	0	1.44
2006	107.1	11.2	9.4	148.8	0	0	1	1.44
2007	106.8	12.6	3.6	160.5	0	0	1	1.44
2007	106.8	14.2	30.8	171.7	0	0	1	1.44
2007	106.8	15.7	3.4	278.4	0	0	1	1.44
2007	106.8	16.0	19.4	269.9	0	0	1	1.44
2007	106.8	20.2	0.0	364.9	0.82	0	1	1.44
2007	106.8	23.6	0.0	394.3	0	0	0	1.44
2007	106.8	28.8	0.0	431.5	0	0	0	1.44
2007	106.8	26.9	5.2	370.3	0	0	0	1.44
2007	106.8	23.3	0.4	289.6	0	0	0	1.44
2007	106.8	20.5	13.4	245.2	0	0	0	1.44
2007	106.8	16.3	41.4	184.2	0	0	0	1.44
2007	106.8	12.8	8.6	149.1	0	0	0	1.44
2008	106.8	13.0	23.2	167.8	0	0	0	1.44
2008	106.8	15.4	12.8	182.7	0	0	0	1.44
2008	106.8	16.4	19.4	274.7	0	0	0	1.44
2008	106.8	19.9	1.2	336.4	0	0	0	1.44
2008	106.8	19.3	29.4	337.6	0	0	0	1.44
2008	106.8	25.0	0.0	414.7	0	0	0	1.44
2008	106.8	27.6	0.0	405.5	0	0	0	1.44
2008	106.8	28.0	0.0	374.3	0	0	0	1.44
2008	106.8	23.3	30.8	270.9	0	0	0	1.44
2008	106.8	17.9	15.0	215.3	0	0	0	1.44
2008	106.8	13.1	41.8	153.1	0	0	0	1.44
2008	106.8	10.8	17.7	127.0	0	0	1	1.44
2009	106.8	9.4	43.5	120.1	0	0	1	1.44
2009	106.8	13.2	74.0	163.2	0	0	1	1.44
2009	106.8	15.8	34.7	222.0	0	0	1	1.44
2009	106.8	15.7	0.0	289.6	0	0	1	1.44
2009	106.8	20.2	17.9	343.9	0.82	0	1	1.44
2009	106.8	24.0	24.2	358.0	0	0	0	1.44
2009	106.8	27.9	0.0	416.7	0	0	0	1.44
2009	106.8	26.5	2.2	372.8	0	0	0	1.44
2009	106.8	21.7	35.6	266.9	0	0	0	1.44
2009	106.8	21.3	21.4	254.5	0	0	0	1.44
2009	106.8	16.6	5.8	169.4	0	0	0	1.44
2009	106.8	13.6	64.8	130.6	0	0	1	1.44
2010	106.8	12.3	42.8	141.1	0	0	1	1.44
2010	106.8	14.9	78.8	148.7	0	0	1	1.44
2010	106.8	16.2	27.4	210.6	0	0	1	1.44
2010	106.8	19.6	0.0	269.5	0	0	1	1.44
2010	106.8	19.9	0.6	300.9	0.82	0	1	1.44
2010	106.8	22.8	2.4	324.1	0	0	0	1.44
2010	106.8	28.4	0.0	375.5	0	0	0	1.44
2010	106.8	29.3	20.4	351.8	0	0	0	1.44
2010	106.8	24.5	5.6	288.3	0	0	0	1.44
2010	106.8	19.1	9.6	219.5	0	0	0	1.44
2010	106.8	14.4	58.4	155.5	0	0	0	1.44
2010	106.8	14.4	28.0	152.9	0	0	0	1.44
2011	106.8	11.7	22.7	151.6	0	0	0	1.44
2011	106.8	13.5	70.4	146.6	0	0	0	1.44
2011	106.8	14.2	59.2	218.6	0	0	0	1.44
2011	106.8	18.5	79.2	270.2	0	0	0	1.44
2011	106.8	20.8	81.7	281.5	0	0	0	1.44
2011	106.8	24.0	0.6	362.9	0	0	0	1.44
2011	106.8	26.0	4.0	386.7	0	0	0	1.44
2011	106.8	26.7	0.2	361.0	0	0	0	1.44
2011	106.8	23.3	1.0	287.3	0	0	0	1.44
2011	106.8	19.7	42.4	217.7	0	0	0	1.44
2011	106.8	14.8	70.0	157.1	0	0	0	1.44
2011	106.8	13.0	2.4	158.6	0	0	1	1.44
2012	106.8	9.8	30.6	149.2	0	0	1	1.44
2012	106.8	10.3	11.6	169.5	0	0	1	1.44
2012	106.8	15.1	20.8	247.8	0	0	1	1.44
2012	106.8	14.4	63.8	258.4	0	0	1	1.44
2012	106.8	21.5	0.0	390.7	0.82	0	1	1.44
2012	106.8	24.9	0.8	394.9	0	0	0	1.44
2012	106.8	28.3	3.8	415.4	0	0	0	1.44
2012	106.8	30.0	0.0	416.5	0	0	0	1.44
2012	106.8	24.0	22.4	304.3	0	0	0	1.44
2012	106.8	20.2	46.1	226.7	0	0	0	1.44
2012	106.8	15.2	18.8	144.1	0	0	0	1.44
2012	106.8	12.5	1.4	149.7	0	0	1	1.44
2013	106.8	11.4	72.0	161.1	0	0	1	1.44
2013	106.8	12.2	14.4	163.6	0	0	1	1.44
2013	106.8	15.2	33.2	211.4	0	0	1	1.44
2013	106.8	18.0	11.0	287.3	0	0	1	1.44
2013	106.8	18.7	78.4	317.7	0.82	0	1	1.44
2013	106.8	23.6	0.2	386.6	0	0	0	1.44
2013	106.8	27.5	3.2	436.1	0	0	0	1.44
2013	106.8	28.8	15.8	408.6	0	0	0	1.44
2013	106.8	23.0	36.6	244.3	0	0	0	1.44
2013	106.8	20.8	0.4	211.6	0	0	0	1.44
2013	106.8	15.8	16.2	137.2	0	0	0	1.44
2013	106.8	12.1	19.6	99.1	0	0	0	1.44
2014	106.8	11.7	72.2	134.8	0	0	0	1.44
2014	106.8	12.0	9.2	146.9	0	0	0	1.44
2014	106.8	14.2	35.6	204.2	0	0	0	1.44
2014	106.8	18.5	39.0	289.1	0	0	0	1.44
2014	106.8	21.9	5.2	358.7	0	0	0	1.44
2014	106.8	22.9	6.0	364.8	0	0	0	1.44
2014	106.8	25.5	0.0	399.0	0	0	0	1.44
2014	106.8	27.7	0.0	374.1	0	0	0	1.44
2014	106.8	24.2	5.2	280.6	0	0	0	1.44
2014	106.8	22.9	0.0	264.3	0	0	0	1.44
2014	106.8	15.7	182.4	119.9	0	0	0	1.44
2014	106.8	12.0	43.4	103.4	0	0	1	1.44
2015	106.8	10.5	33.0	96.2	0	0	1	1.44
2015	106.8	10.2	13.8	116.6	0	0	1	1.44
2015	106.8	14.4	59.8	219.0	0	0	1	1.44
2015	106.8	17.5	26.0	241.1	0	0	1	1.44
2015	106.8	21.8	17.6	334.6	0.82	0	1	1.44
2015	106.8	23.5	15.8	374.9	0	0	0	1.44
2015	106.8	28.7	7.6	438.0	0	0	0	1.44
2015	106.8	26.7	20.4	353.0	0	0	0	1.44
2015	106.8	23.2	4.8	288.6	0	0	0	1.44
2015	106.8	20.8	20.2	223.3	0	0	0	1.44
2015	106.8	15.5	10.0	182.3	0	0	0	1.44
2015	106.8	14.5	0.0	165.4	0	0	1	1.44
2016	106.8	13.9	12.8	153.4	0	0	1	1.44
2016	106.8	12.3	22.4	164.7	0	0	1	1.44
2016	106.8	13.2	47.4	219.7	0	0	1	1.44
2016	106.8	16.5	5.6	260.1	0	0	1	1.44
2016	106.8	20.1	12.6	311.0	0.82	0	1	1.44
2016	106.8	24.7	3.2	406.9	0	0	0	1.44
2016	106.8	29.1	9.4	428.8	0	0	0	1.44
2016	106.8	30.5	2.2	422.3	0	0	0	1.44
2016	106.8	24.4	1.6	263.4	0	0	0	1.44
2016	106.8	22.1	7.2	223.2	0	0	0	1.44
2016	106.8	14.9	66.2	134.9	0	0	0	1.44
2016	106.8	12.4	21.4	109.4	0	0	0	1.44
2017	106.8	10.4	10.6	130.2	0	0	0	1.44
2017	106.8	13.1	34.4	138.2	0	0	0	1.44
2017	106.8	15.1	15.4	201.9	0	0	0	1.44
2017	106.8	19.9	16.8	262.2	0	0	0	1.44
2017	106.8	22.3	2.2	221.6	0	0	0	1.44
2017	106.8	27.5	0.8	414.0	0	0	0	1.44
2017	106.8	28.4	0.0	450.3	0	0	0	1.44
2017	106.8	29.9	1.8	413.2	0	0	0	1.44
2017	106.8	25.8	0.6	306.6	0	0	0	1.44
2017	106.8	24.0	0.8	249.3	0	0	0	1.44
2017	106.8	16.9	34.4	181.9	0	0	0	1.44
2017	106.8	11.0	4.6	116.3	0	0	1	1.44
2018	106.8	10.8	4.8	120.9	0	0	1	1.44
2018	106.8	10.7	77.4	122.3	0	0	1	1.44
2018	106.8	13.9	43.6	173.6	0	0	1	1.44
2018	106.8	15.8	20.7	191.1	0	0	1	1.44
2018	106.8	17.1	48.8	207.9	0.82	0	1	1.44
2018	106.8	21.6	0.0	312.5	0	0	0	1.44
2018	106.8	26.8	0.0	377.0	0	0	0	1.44
2018	106.8	28.5	9.6	386.3	0	0	0	1.44
2018	106.8	24.8	11.1	271.1	0	0	0	1.44
2018	106.8	19.5	65.3	189.5	0	0	0	1.44
2018	106.8	14.4	62.3	112.1	0	0	0	1.44
2018	106.8	13.8	1.8	142.8	0	0	1	1.44
2019	106.8	10.7	1.4	141.1	0	0	1	1.44
2019	106.8	13.8	17.1	161.6	0	0	1	1.44
2019	106.8	15.9	54.3	222.3	0	0	1	1.44
2019	106.8	15.5	17.1	190.9	0	0	1	1.44
2019	106.8	21.5	7.2	340.5	0.82	0	1	1.44
2019	106.8	22.8	1.6	342.0	0	0	0	1.44
2019	106.8	25.4	0.0	362.6	0	0	0	1.44
2019	106.8	28.2	1.4	363.4	0	0	0	1.44
2019	106.8	24.7	5.0	252.9	0	0	0	1.44
2019	106.8	21.1	1.6	181.2	0	0	0	1.44
2019	106.8	14.8	8.8	121.4	0	0	0	1.44
2019	106.8	13.4	15.9	127.6	0	0	0	1.44
2020	106.8	10.9	12.3	126.3	0	0	0	1.44
2020	106.8	15.6	3.8	197.0	0	0	0	1.44
2020	106.8	14.4	18.7	191.2	0	0	0	1.44
2020	106.8	17.3	28.5	208.2	0	0	0	1.44
2020	106.8	22.1	14.3	323.3	0	0	0	1.44
2020	106.8	23.5	0.0	327.4	0	0	0	1.44
2020	106.8	30.6	0.4	431.9	0	0	0	1.44
2020	106.8	28.1	2.8	372.3	0	0	0	1.44
2020	106.8	26.1	1.0	320.5	0	0	0	1.44
2020	106.8	19.7	7.0	222.6	0	0	0	1.44
2020	106.8	17.0	22.7	162.0	0	0	0	1.44
2020	106.8	12.4	21.8	130.5	0	0	1	1.44
2021	106.8	12.0	32.8	149.1	0	0	1	1.44
2021	106.8	13.7	57.8	154.9	0	0	1	1.44
2021	106.8	14.6	29.4	211.7	0	0	1	1.44
2021	106.8	17.3	5.4	260.2	0	0	1	1.44
2021	106.8	22.7	0.2	346.8	0.82	0	1	1.44
2021	106.8	22.9	0.0	360.9	0	0	0	1.44
2021	106.8	28.6	1.6	439.7	0	0	0	1.44
2021	106.8	26.4	0.4	418.0	0	0	0	1.44
2021	106.8	24.8	0.4	314.0	0	0	0	1.44
2021	106.8	21.3	0.0	256.2	0	0	0	1.44
2021	106.8	13.3	2.6	157.3	0	0	0	1.44
2021	106.8	12.9	13.2	152.4	0	0	1	1.44
2022	106.8	13.1	10.0	189.1	0	0	1	1.44
2022	106.8	15.1	0.0	187.2	0	0	1	1.44
2022	106.8	13.2	63.0	192.2	0	0	1	1.44
2022	106.8	16.2	21.4	264.4	0	0	1	1.44
2022	106.8	22.7	0.6	377.2	0.82	0	1	1.44
2022	106.8	24.8	0.0	349.9	0	0	0	1.44
2022	106.8	28.6	1.6	439.7	0	0	0	1.44
2022	106.8	26.4	0.4	418.0	0	0	0	1.44
2022	106.8	24.8	0.4	314.0	0	0	0	1.44
2022	106.8	21.3	0.0	256.2	0	0	0	1.44
2022	106.8	13.3	2.6	157.3	0	0	0	1.44
2022	106.8	12.9	13.2	152.4	0	0	0	1.44
